query ID: 1 Recall: 0.7027027027027027 precision: 0.8666666666666667

72  0.45243
500  0.31692
171  0.18413
15  0.18244
181  0.17952
166  0.17765
513  0.1707
511  0.1447
184  0.14183
167  0.14067
212  0.13882
13  0.1328
838  0.12981
79  0.12354
170  0.10959
182  0.10825
512  0.10355
185  0.09941
164  0.09695
169  0.09273
172  0.09198
138  0.08925
336  0.08535
142  0.08027
175  0.07962
186  0.07868
168  0.07602
14  0.07396
499  0.07131
211  0.06572

------------------

query ID: 2 Recall: 0.5625 precision: 0.3

258  0.36456
712  0.29684
289  0.25075
237  0.21163
291  0.20898
187  0.17058
96  0.15845
192  0.15502
302  0.13504
713  0.12558
292  0.12483
3  0.12291
162  0.11759
299  0.1097
297  0.1074
256  0.10054
296  0.09529
960  0.09453
83  0.08892
742  0.08798
236  0.08784
294  0.08714
862  0.08691
988  0.08226
692  0.08056
880  0.0772
418  0.07242
723  0.07196
715  0.07167
417  0.07001

------------------

query ID: 3 Recall: 0.5 precision: 0.36666666666666664

70  0.28839
160  0.2079
286  0.19823
71  0.1966
234  0.18616
230  0.18388
62  0.18034
266  0.13708
906  0.1339
277  0.12916
774  0.12766
186  0.12243
78  0.12145
394  0.12095
275  0.11881
276  0.11865
341  0.11427
784  0.11119
59  0.10974
282  0.10447
11  0.10274
141  0.10243
403  0.10157
172  0.09496
632  0.08546
344  0.08409
523  0.08316
982  0.07803
464  0.07544
281  0.07502

------------------

query ID: 4 Recall: 0.4782608695652174 precision: 0.36666666666666664

67  0.32602
787  0.22463
405  0.18344
281  0.16677
396  0.16368
407  0.15652
234  0.14777
177  0.12706
209  0.12174
156  0.12035
70  0.11006
394  0.10764
400  0.10727
774  0.10708
190  0.10354
976  0.10177
93  0.10052
913  0.09591
341  0.09584
784  0.09326
523  0.09012
141  0.08592
403  0.08336
207  0.08313
206  0.07542
208  0.07351
38  0.07181
259  0.0687
188  0.06851
94  0.06701

------------------

query ID: 5 Recall: 0.8846153846153846 precision: 0.7666666666666667

308  0.35685
327  0.34712
330  0.30985
8  0.29344
333  0.26918
329  0.25633
326  0.25179
10  0.24643
11  0.24304
5  0.23333
6  0.22709
581  0.19548
568  0.17107
159  0.16648
158  0.15983
288  0.15308
325  0.15168
307  0.14355
7  0.13658
306  0.12269
305  0.122
331  0.11528
188  0.11198
4  0.11162
580  0.11056
304  0.11022
1  0.10496
324  0.10492
870  0.10422
332  0.09269

------------------

query ID: 6 Recall: 0.9230769230769231 precision: 0.4

116  0.52792
321  0.4595
238  0.44605
115  0.41004
112  0.39795
253  0.36043
243  0.35654
323  0.34683
260  0.32532
316  0.25927
311  0.2468
242  0.22742
122  0.22514
118  0.22182
267  0.21335
390  0.19298
31  0.17413
114  0.17103
320  0.15512
313  0.15484
117  0.1529
157  0.14969
315  0.13996
309  0.13522
113  0.13462
1028  0.1291
312  0.11816
310  0.11309
410  0.10987
383  0.10336

------------------

query ID: 7 Recall: 0.6 precision: 0.3

121  0.35936
189  0.24767
261  0.18008
415  0.11819
122  0.11672
316  0.10977
933  0.1037
559  0.09638
114  0.09383
387  0.08425
507  0.08193
391  0.07583
82  0.07565
76  0.075
383  0.07463
139  0.07097
97  0.06753
793  0.06473
239  0.06259
60  0.0565
57  0.05516
388  0.05431
322  0.04946
247  0.04936
246  0.04874
1019  0.04728
385  0.04709
393  0.04698
409  0.04653
705  0.0444

------------------

query ID: 8 Recall: 0.9090909090909091 precision: 0.3333333333333333

52  0.3591
433  0.3439
434  0.32785
265  0.32239
60  0.31957
431  0.3006
435  0.30051
427  0.27983
264  0.26938
429  0.25994
426  0.25727
262  0.24248
430  0.23975
432  0.2219
437  0.21289
436  0.20171
266  0.19301
61  0.1925
123  0.19059
263  0.16392
1028  0.15285
424  0.13121
428  0.1132
860  0.11125
81  0.10754
857  0.10424
251  0.10395
250  0.1038
648  0.10199
582  0.09938

------------------

query ID: 9 Recall: 0.6428571428571429 precision: 0.6

194  0.15983
273  0.14336
415  0.14004
409  0.12225
657  0.12011
195  0.11377
723  0.1131
89  0.10236
423  0.10205
422  0.09887
268  0.09237
839  0.08874
56  0.08803
53  0.0854
126  0.08443
413  0.08371
64  0.07812
124  0.07517
267  0.07419
1000  0.07181
114  0.06817
57  0.06563
125  0.06347
416  0.06274
269  0.0625
387  0.06245
954  0.06012
253  0.05781
272  0.05745
420  0.05712

------------------

query ID: 10 Recall: 0.041666666666666664 precision: 0.03333333333333333

532  0.22021
702  0.13385
716  0.13079
775  0.09287
214  0.08901
307  0.0
941  0.0
588  0.0
688  0.0
29  0.0
131  0.0
143  0.0
150  0.0
305  0.0
435  0.0
439  0.0
440  0.0
854  0.0
346  0.0
75  0.0
2  0.0
6  0.0
132  0.0
293  0.0
299  0.0
309  0.0
393  0.0
409  0.0
425  0.0
509  0.0

------------------

query ID: 11 Recall: 0.7777777777777778 precision: 0.4666666666666667

228  0.25648
227  0.24523
446  0.23349
444  0.19657
448  0.17468
225  0.16292
861  0.16131
229  0.15773
453  0.15442
441  0.15186
445  0.14898
63  0.14577
443  0.13949
1006  0.13794
795  0.11909
463  0.11817
148  0.11731
149  0.11403
452  0.10683
990  0.1037
1022  0.10249
460  0.10101
451  0.09802
151  0.09789
442  0.09573
697  0.09267
796  0.09226
1031  0.09222
226  0.09037
32  0.08729

------------------

query ID: 12 Recall: 0.8888888888888888 precision: 0.26666666666666666

19  0.35836
368  0.34521
193  0.17945
20  0.14997
367  0.14563
371  0.13256
373  0.12296
936  0.10732
442  0.10259
782  0.09537
934  0.09242
365  0.09214
26  0.08669
17  0.08456
364  0.0835
989  0.08195
269  0.07889
23  0.07257
1031  0.0725
366  0.07197
676  0.06856
273  0.06785
931  0.06612
423  0.06276
940  0.06192
939  0.0618
669  0.06032
674  0.05587
852  0.05556
157  0.05482

------------------

query ID: 13 Recall: 0.8571428571428571 precision: 0.6

196  0.46548
197  0.39984
147  0.20061
195  0.18346
21  0.14216
194  0.13431
481  0.12918
144  0.12273
470  0.11676
483  0.11511
479  0.10697
145  0.10379
199  0.1
146  0.09913
22  0.09291
198  0.09183
476  0.07521
472  0.07066
604  0.06833
624  0.065
336  0.06375
473  0.06329
489  0.05986
471  0.05924
701  0.0586
266  0.05402
482  0.05293
474  0.05147
478  0.05125
365  0.04891

------------------

query ID: 14 Recall: 0.75 precision: 0.4

861  0.25897
25  0.24764
26  0.23275
23  0.22435
454  0.20358
457  0.1912
1006  0.13812
29  0.13656
455  0.13296
371  0.12675
459  0.12508
458  0.11825
463  0.11708
461  0.09508
1022  0.09239
460  0.08619
1024  0.08242
936  0.08144
465  0.0814
448  0.07973
456  0.07044
675  0.06731
668  0.06683
785  0.06591
269  0.06549
850  0.06447
750  0.06325
17  0.06051
699  0.06046
24  0.05734

------------------

query ID: 15 Recall: 0.5172413793103449 precision: 0.5

355  0.29786
103  0.23044
361  0.20728
106  0.19583
219  0.19313
357  0.1508
102  0.14705
353  0.14382
350  0.13936
217  0.13083
218  0.12538
383  0.1203
928  0.10545
351  0.09842
358  0.09053
899  0.08569
356  0.08415
107  0.07785
25  0.07099
110  0.06665
754  0.06424
360  0.05945
819  0.05203
969  0.04896
220  0.04888
222  0.04816
709  0.04795
365  0.04695
602  0.04595
286  0.04401

------------------

query ID: 16 Recall: 0.7692307692307693 precision: 0.3333333333333333

36  0.33878
99  0.33379
497  0.27076
202  0.24692
496  0.21665
484  0.19868
486  0.19267
492  0.16783
498  0.15791
205  0.15754
812  0.1571
766  0.15581
97  0.14416
495  0.13048
818  0.12225
253  0.10647
807  0.10604
489  0.09798
494  0.09695
493  0.09501
891  0.08882
201  0.0859
488  0.08317
509  0.0788
203  0.07794
813  0.07414
200  0.07399
915  0.06878
626  0.06809
35  0.06675

------------------

query ID: 17 Recall: 0.38095238095238093 precision: 0.26666666666666666

336  0.16655
38  0.14739
41  0.14429
342  0.13974
341  0.12585
128  0.12486
304  0.1193
134  0.10229
379  0.1015
37  0.10017
874  0.09869
136  0.08578
573  0.08002
544  0.07734
472  0.07708
133  0.07681
762  0.07599
641  0.07586
410  0.07392
528  0.07382
334  0.07321
297  0.07026
339  0.06644
1  0.06628
591  0.06596
452  0.062
125  0.06193
87  0.06181
815  0.06158
1005  0.06039

------------------

query ID: 18 Recall: 0.6666666666666666 precision: 0.3333333333333333

45  0.3423
49  0.26231
525  0.24878
514  0.23873
528  0.23612
48  0.22361
516  0.20602
517  0.2035
134  0.19808
379  0.18157
527  0.17918
526  0.1754
297  0.13232
51  0.13172
46  0.1229
524  0.10013
924  0.09168
250  0.08133
523  0.07214
515  0.0675
693  0.06422
364  0.06091
919  0.06011
783  0.05248
813  0.04938
345  0.04481
216  0.04426
467  0.04324
547  0.04127
854  0.04093

------------------

query ID: 19 Recall: 0.5185185185185185 precision: 0.4666666666666667

847  0.47429
844  0.38132
551  0.33701
861  0.3276
564  0.28712
864  0.2666
865  0.22392
673  0.22107
581  0.21577
555  0.2084
866  0.20546
863  0.18674
869  0.17883
580  0.16911
878  0.16061
585  0.15969
450  0.15906
562  0.15753
874  0.15246
590  0.15154
447  0.15048
880  0.14697
545  0.1434
845  0.13472
854  0.12428
846  0.11982
577  0.11817
694  0.11778
135  0.11455
860  0.11312

------------------

query ID: 20 Recall: 0.1794871794871795 precision: 0.23333333333333334

878  0.14485
603  0.13446
60  0.12977
705  0.12877
52  0.12395
434  0.12185
431  0.1122
586  0.1062
53  0.10588
592  0.10534
433  0.09942
435  0.09861
581  0.09821
860  0.09607
1024  0.09472
262  0.08999
577  0.08999
857  0.08817
582  0.08703
426  0.08672
130  0.08365
876  0.08191
437  0.08164
265  0.08082
596  0.07344
20  0.07317
584  0.07137
61  0.071
844  0.06817
872  0.06545

------------------

query ID: 21 Recall: 0.4444444444444444 precision: 0.4

821  0.36011
766  0.32734
613  0.31208
815  0.28811
896  0.26802
810  0.25371
253  0.20933
887  0.2037
888  0.19403
889  0.18298
892  0.16395
618  0.13528
604  0.13014
890  0.10549
963  0.09718
619  0.09535
602  0.09373
488  0.09117
626  0.0863
35  0.08007
747  0.07492
804  0.072
914  0.07115
894  0.0701
202  0.06862
620  0.06823
203  0.0681
920  0.06711
762  0.06536
885  0.0641

------------------

query ID: 22 Recall: 0.4 precision: 0.3333333333333333

648  0.33515
645  0.22172
108  0.22136
285  0.18606
375  0.16956
905  0.16911
636  0.16359
913  0.16114
761  0.15643
644  0.14268
642  0.13425
634  0.11017
652  0.10912
635  0.10616
647  0.10363
758  0.0972
8  0.09705
973  0.09517
910  0.088
766  0.08663
904  0.084
332  0.08201
304  0.07525
640  0.07484
327  0.0746
251  0.07424
474  0.07333
899  0.06465
330  0.06426
398  0.06398

------------------

query ID: 23 Recall: 0.358974358974359 precision: 0.4666666666666667

916  0.29244
917  0.24201
798  0.23914
849  0.20018
804  0.1951
819  0.13571
620  0.13303
1010  0.12735
817  0.12608
724  0.1054
966  0.10239
822  0.09853
725  0.09775
706  0.08924
253  0.08923
202  0.08775
203  0.08709
920  0.08582
800  0.06607
812  0.06263
809  0.05603
805  0.05236
797  0.04946
811  0.04009
307  0.0
941  0.0
588  0.0
688  0.0
29  0.0
131  0.0

------------------

query ID: 24 Recall: 0.8181818181818182 precision: 0.6

674  0.30701
667  0.28928
686  0.26991
939  0.26409
938  0.25328
936  0.24514
670  0.23541
940  0.22694
851  0.225
668  0.22351
850  0.21907
666  0.20807
852  0.20745
942  0.19225
675  0.1864
409  0.18305
678  0.17859
941  0.17782
947  0.14727
935  0.14417
676  0.13968
665  0.13119
982  0.12774
671  0.12622
684  0.11637
943  0.11136
2  0.10409
682  0.10281
680  0.08608
234  0.08575

------------------

query ID: 25 Recall: 0.9166666666666666 precision: 0.7333333333333333

687  0.38993
699  0.32219
698  0.30892
696  0.27882
948  0.22712
695  0.1961
697  0.19285
690  0.19014
691  0.18785
958  0.17598
688  0.16266
951  0.16112
692  0.16043
944  0.15877
946  0.15863
949  0.15705
587  0.1513
947  0.14936
953  0.14094
598  0.13642
689  0.12807
955  0.11486
950  0.1114
550  0.1047
897  0.10014
954  0.09572
952  0.09459
919  0.08393
694  0.08299
945  0.08132

------------------

query ID: 26 Recall: 0.5 precision: 0.4666666666666667

967  0.15837
966  0.15158
723  0.14598
716  0.13669
703  0.12798
973  0.127
717  0.12039
970  0.1154
971  0.11279
725  0.10854
704  0.10553
766  0.09768
710  0.09097
859  0.0909
981  0.08656
968  0.0856
382  0.08319
722  0.08307
1015  0.0818
421  0.0808
959  0.07978
724  0.07802
818  0.07651
721  0.07626
909  0.07492
941  0.07465
715  0.07407
940  0.07277
737  0.069
706  0.0687

------------------

query ID: 27 Recall: 0.3888888888888889 precision: 0.23333333333333334

732  0.13448
734  0.08589
984  0.08423
731  0.06679
766  0.05438
978  0.0519
728  0.04462
608  0.044
638  0.0437
976  0.04242
974  0.04083
251  0.03974
650  0.03946
889  0.03836
36  0.03814
388  0.03722
982  0.0363
977  0.03627
887  0.03492
777  0.03404
739  0.03299
981  0.03046
380  0.02993
2  0.02965
752  0.02797
583  0.02796
920  0.02541
223  0.02422
31  0.02363
678  0.02303

------------------

query ID: 28 Recall: 0.38461538461538464 precision: 0.5

774  0.30408
777  0.29372
995  0.25456
772  0.21426
791  0.21414
989  0.18433
994  0.17194
776  0.16853
998  0.16075
778  0.15672
992  0.14325
779  0.14262
141  0.13222
229  0.12976
993  0.12449
784  0.12299
65  0.1225
443  0.12112
148  0.11569
63  0.11467
441  0.1117
446  0.11019
448  0.09953
444  0.09916
783  0.09878
228  0.09787
935  0.08959
792  0.08906
453  0.07986
452  0.07956

------------------

query ID: 29 Recall: 0.6486486486486487 precision: 0.8

1016  0.32191
1008  0.25787
853  0.2557
1007  0.25491
1017  0.24015
1015  0.23905
1012  0.22959
740  0.19264
1006  0.16341
1018  0.16205
767  0.1571
765  0.14947
1010  0.1482
741  0.13685
1009  0.13453
1013  0.13152
749  0.12903
742  0.12538
761  0.11987
750  0.11961
768  0.11478
744  0.11132
757  0.10084
1014  0.10056
764  0.09128
745  0.08984
1005  0.08853
1011  0.08334
954  0.07607
1002  0.0748

------------------

query ID: 30 Recall: 0.5 precision: 0.23333333333333334

1027  0.35525
1026  0.20234
1020  0.1076
1019  0.08961
841  0.0822
839  0.07748
830  0.06962
1024  0.06023
488  0.05822
9  0.05068
827  0.0505
808  0.04852
920  0.04766
838  0.04642
20  0.04264
413  0.04229
455  0.04123
35  0.04078
549  0.03906
254  0.03844
994  0.03811
712  0.03766
116  0.03712
657  0.0364
351  0.03563
490  0.03556
135  0.0349
1033  0.03489
1023  0.0344
632  0.03432

------------------

Recall average: 0.5970365742323513
Precision average: 0.4322222222222222
